image: gen_map_l.pgm
resolution: 0.200000
origin: [ 0.0000, 0.000, 0.000000]
negate: 0
occupied_thresh: 0.65
free_thresh: 0.16

