image: gen_map.pgm
resolution: 0.010000
origin: [0.00, 0.00, 0.000000]
negate: 0
occupied_thresh: 0.65
free_thresh: 0.196

